#log n	log T	log cool/n2	log heat/n2	H1 frac	He1 frac	He2 frac
  3.00	 1.00	    -28.891	    -27.276	 0.998	 1.000	 0.000
  3.00	 1.10	    -28.666	    -27.276	 0.998	 1.000	 0.000
  3.00	 1.20	    -28.469	    -27.276	 0.998	 1.000	 0.000
  3.00	 1.30	    -28.293	    -27.276	 0.998	 1.000	 0.000
  3.00	 1.40	    -28.137	    -27.276	 0.998	 1.000	 0.000
  3.00	 1.50	    -27.998	    -27.277	 0.997	 1.000	 0.000
  3.00	 1.60	    -27.869	    -27.277	 0.997	 1.000	 0.000
  3.00	 1.70	    -27.743	    -27.277	 0.997	 1.000	 0.000
  3.00	 1.80	    -27.606	    -27.277	 0.997	 1.000	 0.000
  3.00	 1.90	    -27.447	    -27.277	 0.996	 1.000	 0.000
  3.00	 2.00	    -27.259	    -27.277	 0.996	 1.000	 0.000
  3.00	 2.10	    -27.055	    -27.277	 0.996	 1.000	 0.000
  3.00	 2.20	    -26.850	    -27.277	 0.996	 1.000	 0.000
  3.00	 2.30	    -26.658	    -27.277	 0.995	 1.000	 0.000
  3.00	 2.40	    -26.484	    -27.277	 0.995	 1.000	 0.000
  3.00	 2.50	    -26.333	    -27.278	 0.994	 1.000	 0.000
  3.00	 2.60	    -26.200	    -27.278	 0.994	 1.000	 0.000
  3.00	 2.70	    -26.083	    -27.278	 0.993	 1.000	 0.000
  3.00	 2.80	    -25.979	    -27.278	 0.993	 1.000	 0.000
  3.00	 2.90	    -25.885	    -27.278	 0.992	 1.000	 0.000
  3.00	 3.00	    -25.800	    -27.278	 0.991	 1.000	 0.000
  3.00	 3.10	    -25.721	    -27.278	 0.991	 1.000	 0.000
  3.00	 3.20	    -25.650	    -27.278	 0.990	 0.999	 0.001
  3.00	 3.30	    -25.587	    -27.277	 0.990	 0.999	 0.001
  3.00	 3.40	    -25.523	    -27.277	 0.990	 0.999	 0.001
  3.00	 3.50	    -25.452	    -27.276	 0.989	 0.999	 0.001
  3.00	 3.60	    -25.371	    -27.275	 0.989	 0.999	 0.001
  3.00	 3.70	    -25.269	    -27.274	 0.988	 0.999	 0.001
  3.00	 3.80	    -25.138	    -27.272	 0.987	 0.999	 0.001
  3.00	 3.90	    -24.961	    -27.268	 0.986	 0.999	 0.001
  3.00	 4.00	    -24.615	    -27.259	 0.985	 0.999	 0.001
  3.00	 4.10	    -23.452	    -27.224	 0.944	 0.999	 0.001
  3.00	 4.20	    -22.011	    -27.066	 0.499	 1.000	 0.000
  3.00	 4.30	    -21.815	    -28.140	 0.086	 0.986	 0.014
  3.00	 4.40	    -21.937	    -28.343	 0.013	 0.742	 0.258
  3.00	 4.50	    -21.963	    -28.047	 0.003	 0.178	 0.822
  3.00	 4.60	    -21.892	    -27.919	 0.001	 0.026	 0.973
  3.00	 4.70	    -21.737	    -27.853	 0.000	 0.005	 0.988
  3.00	 4.80	    -21.529	    -27.688	 0.000	 0.001	 0.892
  3.00	 4.90	    -21.342	    -27.440	 0.000	 0.000	 0.455
  3.00	 5.00	    -21.278	    -26.817	 0.000	 0.000	 0.112
  3.00	 5.10	    -21.325	    -26.638	 0.000	 0.000	 0.026
  3.00	 5.20	    -21.325	    -26.553	 0.000	 0.000	 0.007
  3.00	 5.30	    -21.300	    -26.579	 0.000	 0.000	 0.002
  3.00	 5.40	    -21.291	    -26.590	 0.000	 0.000	 0.001
  3.00	 5.50	    -21.466	    -26.553	 0.000	 0.000	 0.000
  3.00	 5.60	    -21.674	    -26.616	 0.000	 0.000	 0.000
  3.00	 5.70	    -21.725	    -26.706	 0.000	 0.000	 0.000
  3.00	 5.80	    -21.778	    -26.821	 0.000	 0.000	 0.000
  3.00	 5.90	    -21.807	    -26.895	 0.000	 0.000	 0.000
  3.00	 6.00	    -21.814	    -26.967	 0.000	 0.000	 0.000
  3.00	 6.10	    -21.837	    -27.032	 0.000	 0.000	 0.000
  3.00	 6.20	    -21.892	    -27.123	 0.000	 0.000	 0.000
  3.00	 6.30	    -22.070	    -27.187	 0.000	 0.000	 0.000
  3.00	 6.40	    -22.251	    -27.247	 0.000	 0.000	 0.000
  3.00	 6.50	    -22.387	    -27.356	 0.000	 0.000	 0.000
  3.00	 6.60	    -22.467	    -27.425	 0.000	 0.000	 0.000
  3.00	 6.70	    -22.497	    -27.461	 0.000	 0.000	 0.000
  3.00	 6.80	    -22.503	    -27.503	 0.000	 0.000	 0.000
  3.00	 6.90	    -22.493	    -27.546	 0.000	 0.000	 0.000
  3.00	 7.00	    -22.491	    -27.553	 0.000	 0.000	 0.000
  3.00	 7.10	    -22.535	    -27.604	 0.000	 0.000	 0.000
  3.00	 7.20	    -22.610	    -27.692	 0.000	 0.000	 0.000
  3.00	 7.30	    -22.658	    -27.709	 0.000	 0.000	 0.000
  3.00	 7.40	    -22.670	    -27.762	 0.000	 0.000	 0.000
  3.00	 7.50	    -22.660	    -27.831	 0.000	 0.000	 0.000
  3.00	 7.60	    -22.634	    -27.898	 0.000	 0.000	 0.000
  3.00	 7.70	    -22.601	    -27.939	 0.000	 0.000	 0.000
  3.00	 7.80	    -22.564	    -27.962	 0.000	 0.000	 0.000
  3.00	 7.90	    -22.526	    -27.987	 0.000	 0.000	 0.000
  3.00	 8.00	    -22.489	    -28.100	 0.000	 0.000	 0.000
  3.00	 8.10	    -22.450	    -28.229	 0.000	 0.000	 0.000
  3.00	 8.20	    -22.410	    -28.360	 0.000	 0.000	 0.000
  3.00	 8.30	    -22.369	    -28.497	 0.000	 0.000	 0.000
  3.00	 8.40	    -22.324	    -28.624	 0.000	 0.000	 0.000
  3.00	 8.50	    -22.280	    -28.748	 0.000	 0.000	 0.000
  3.00	 8.60	    -22.231	    -28.872	 0.000	 0.000	 0.000
  3.00	 8.70	    -22.183	    -28.999	 0.000	 0.000	 0.000
  3.00	 8.80	    -22.132	    -29.131	 0.000	 0.000	 0.000
  3.00	 8.90	    -22.079	    -29.267	 0.000	 0.000	 0.000
  3.00	 9.00	    -22.026	    -29.406	 0.000	 0.000	 0.000
