-25.640 -21.885
-25.640 -21.885
-25.640 -21.885
-25.640 -21.885
-25.640 -21.885
-25.640 -21.885
-25.640 -21.885
-25.633 -21.888
-25.624 -21.891
-25.616 -21.894
-25.607 -21.897
-25.599 -21.900
-25.590 -21.903
-25.581 -21.906
-25.573 -21.909
-25.565 -21.912
-25.556 -21.915
-25.547 -21.918
-25.539 -21.921
-25.529 -21.924
-25.517 -21.927
-25.505 -21.930
-25.493 -21.933
-25.481 -21.937
-25.469 -21.940
-25.458 -21.943
-25.445 -21.946
-25.433 -21.949
-25.421 -21.953
-25.410 -21.956
-25.398 -21.959
-25.385 -21.962
-25.370 -21.965
-25.355 -21.969
-25.339 -21.972
-25.324 -21.975
-25.309 -21.978
-25.293 -21.982
-25.278 -21.985
-25.262 -21.989
-25.247 -21.992
-25.232 -21.995
-25.216 -21.998
-25.200 -22.002
-25.184 -22.005
-25.167 -22.008
-25.150 -22.012
-25.133 -22.015
-25.117 -22.019
-25.100 -22.022
-25.083 -22.025
-25.066 -22.029
-25.049 -22.032
-25.032 -22.035
-25.015 -22.039
-24.999 -22.042
-24.982 -22.046
-24.966 -22.049
-24.949 -22.053
-24.934 -22.056
-24.918 -22.060
-24.901 -22.063
-24.885 -22.067
-24.870 -22.070
-24.853 -22.074
-24.837 -22.077
-24.821 -22.081
-24.805 -22.084
-24.789 -22.088
-24.775 -22.092
-24.761 -22.095
-24.747 -22.099
-24.733 -22.102
-24.719 -22.106
-24.705 -22.110
-24.691 -22.113
-24.677 -22.117
-24.663 -22.121
-24.649 -22.124
-24.635 -22.128
-24.621 -22.132
-24.608 -22.135
-24.597 -22.139
-24.585 -22.143
-24.573 -22.147
-24.561 -22.150
-24.549 -22.154
-24.537 -22.158
-24.525 -22.161
-24.514 -22.165
-24.502 -22.169
-24.490 -22.173
-24.478 -22.176
-24.467 -22.180
-24.457 -22.184
-24.447 -22.188
-24.437 -22.192
-24.427 -22.196
-24.417 -22.199
-24.407 -22.203
-24.396 -22.207
-24.387 -22.211
-24.377 -22.215
-24.366 -22.219
-24.356 -22.223
-24.347 -22.227
-24.337 -22.231
-24.328 -22.235
-24.320 -22.238
-24.311 -22.242
-24.301 -22.246
-24.292 -22.250
-24.284 -22.254
-24.275 -22.258
-24.265 -22.262
-24.256 -22.266
-24.248 -22.270
-24.239 -22.274
-24.230 -22.278
-24.221 -22.282
-24.213 -22.286
-24.204 -22.290
-24.195 -22.294
-24.186 -22.298
-24.178 -22.302
-24.169 -22.306
-24.161 -22.310
-24.152 -22.314
-24.144 -22.318
-24.135 -22.322
-24.126 -22.327
-24.118 -22.331
-24.110 -22.335
-24.101 -22.339
-24.093 -22.343
-24.084 -22.347
-24.076 -22.351
-24.067 -22.355
-24.059 -22.359
-24.051 -22.363
-24.042 -22.367
-24.034 -22.372
-24.025 -22.376
-24.017 -22.380
-24.009 -22.384
-24.000 -22.388
-23.992 -22.392
-23.984 -22.397
-23.976 -22.401
-23.967 -22.405
-23.959 -22.409
-23.951 -22.413
-23.943 -22.418
-23.934 -22.422
-23.926 -22.426
-23.918 -22.430
-23.910 -22.435
-23.903 -22.439
-23.895 -22.443
-23.887 -22.448
-23.879 -22.452
-23.872 -22.456
-23.864 -22.460
-23.856 -22.465
-23.849 -22.469
-23.841 -22.473
-23.833 -22.478
-23.826 -22.482
-23.819 -22.486
-23.812 -22.491
-23.805 -22.495
-23.798 -22.499
-23.791 -22.504
-23.785 -22.508
-23.778 -22.512
-23.771 -22.517
-23.764 -22.521
-23.757 -22.525
-23.750 -22.530
-23.743 -22.534
-23.737 -22.538
-23.731 -22.543
-23.726 -22.547
-23.720 -22.552
-23.714 -22.556
-23.708 -22.560
-23.702 -22.565
-23.696 -22.569
-23.691 -22.574
-23.685 -22.578
-23.679 -22.583
-23.673 -22.587
-23.668 -22.591
-23.663 -22.596
-23.658 -22.600
-23.653 -22.605
-23.648 -22.609
-23.643 -22.614
-23.638 -22.618
-23.633 -22.622
-23.628 -22.627
-23.623 -22.631
-23.618 -22.636
-23.613 -22.640
-23.608 -22.645
-23.604 -22.649
-23.600 -22.654
-23.596 -22.658
-23.592 -22.663
-23.588 -22.667
-23.584 -22.672
-23.580 -22.676
-23.576 -22.680
-23.571 -22.685
-23.567 -22.689
-23.563 -22.694
-23.559 -22.698
-23.556 -22.703
-23.553 -22.707
-23.549 -22.712
-23.546 -22.716
-23.543 -22.721
-23.539 -22.725
-23.536 -22.730
-23.533 -22.735
-23.529 -22.739
-23.526 -22.744
-23.523 -22.748
-23.519 -22.753
-23.516 -22.757
-23.514 -22.762
-23.511 -22.766
-23.509 -22.771
-23.506 -22.775
-23.504 -22.780
-23.501 -22.784
-23.499 -22.789
-23.496 -22.793
-23.494 -22.798
-23.491 -22.803
-23.488 -22.807
-23.486 -22.812
-23.484 -22.816
-23.482 -22.821
-23.480 -22.826
-23.479 -22.830
-23.477 -22.835
-23.475 -22.839
-23.473 -22.844
-23.471 -22.848
-23.469 -22.853
-23.467 -22.858
-23.466 -22.862
-23.464 -22.867
-23.462 -22.871
-23.461 -22.876
-23.460 -22.880
-23.459 -22.885
-23.457 -22.889
-23.456 -22.894
-23.455 -22.898
-23.454 -22.903
-23.452 -22.907
-23.451 -22.912
-23.450 -22.916
-23.449 -22.921
-23.448 -22.926
-23.447 -22.930
-23.446 -22.935
-23.446 -22.939
-23.445 -22.944
-23.444 -22.948
-23.443 -22.953
-23.443 -22.958
-23.442 -22.962
-23.441 -22.967
-23.441 -22.971
-23.440 -22.976
-23.439 -22.981
-23.439 -22.985
-23.439 -22.990
-23.439 -22.994
-23.439 -22.999
-23.439 -23.003
-23.439 -23.008
-23.439 -23.012
-23.439 -23.017
-23.438 -23.021
-23.438 -23.026
-23.438 -23.030
-23.438 -23.035
-23.438 -23.039
-23.439 -23.044
-23.439 -23.049
-23.439 -23.053
-23.439 -23.058
-23.440 -23.062
-23.440 -23.067
-23.440 -23.071
-23.441 -23.076
-23.441 -23.080
-23.441 -23.085
-23.441 -23.089
-23.442 -23.094
-23.442 -23.098
-23.443 -23.103
-23.443 -23.107
-23.443 -23.112
-23.444 -23.116
-23.444 -23.121
-23.445 -23.125
-23.445 -23.130
-23.445 -23.134
-23.446 -23.138
-23.446 -23.143
-23.447 -23.147
-23.447 -23.152
-23.447 -23.156
-23.447 -23.161
-23.447 -23.165
-23.447 -23.169
-23.447 -23.174
-23.447 -23.178
-23.447 -23.183
-23.447 -23.187
-23.447 -23.191
-23.447 -23.196
-23.447 -23.200
-23.447 -23.205
-23.446 -23.209
-23.445 -23.214
-23.444 -23.218
-23.443 -23.222
-23.442 -23.227
-23.441 -23.231
-23.440 -23.236
-23.439 -23.240
-23.438 -23.244
-23.437 -23.249
-23.436 -23.253
-23.434 -23.258
-23.431 -23.262
-23.428 -23.266
-23.425 -23.270
-23.422 -23.275
-23.419 -23.279
-23.417 -23.283
-23.414 -23.288
-23.411 -23.292
-23.408 -23.296
-23.405 -23.301
-23.402 -23.305
-23.399 -23.309
-23.393 -23.313
-23.386 -23.318
-23.380 -23.322
-23.373 -23.326
-23.367 -23.330
-23.361 -23.335
-23.354 -23.339
-23.348 -23.343
-23.341 -23.347
-23.335 -23.352
-23.328 -23.356
-23.322 -23.360
-23.312 -23.364
-23.302 -23.368
-23.291 -23.373
-23.280 -23.377
-23.269 -23.381
-23.259 -23.385
-23.248 -23.389
-23.238 -23.394
-23.227 -23.398
-23.217 -23.402
-23.206 -23.406
-23.195 -23.410
-23.183 -23.414
-23.169 -23.418
-23.155 -23.423
-23.140 -23.427
-23.127 -23.431
-23.112 -23.435
-23.098 -23.439
-23.084 -23.443
-23.070 -23.447
-23.056 -23.451
-23.042 -23.455
-23.027 -23.459
-23.013 -23.463
-22.996 -23.467
-22.979 -23.472
-22.961 -23.476
-22.945 -23.479
-22.927 -23.483
-22.910 -23.488
-22.893 -23.491
-22.876 -23.495
-22.858 -23.500
-22.841 -23.504
-22.825 -23.507
-22.807 -23.512
-22.788 -23.516
-22.768 -23.520
-22.749 -23.524
-22.729 -23.529
-22.709 -23.533
-22.689 -23.537
-22.670 -23.541
-22.650 -23.546
-22.630 -23.550
-22.610 -23.554
-22.590 -23.559
-22.570 -23.563
-22.550 -23.568
-22.531 -23.573
-22.510 -23.579
-22.490 -23.585
-22.470 -23.590
-22.450 -23.596
-22.430 -23.602
-22.409 -23.607
-22.389 -23.613
-22.369 -23.618
-22.349 -23.624
-22.328 -23.630
-22.308 -23.636
-22.292 -23.644
-22.274 -23.652
-22.256 -23.660
-22.240 -23.668
-22.222 -23.677
-22.204 -23.685
-22.187 -23.694
-22.170 -23.702
-22.152 -23.710
-22.135 -23.718
-22.117 -23.727
-22.101 -23.735
-22.085 -23.743
-22.071 -23.752
-22.056 -23.761
-22.043 -23.770
-22.028 -23.778
-22.014 -23.787
-22.000 -23.796
-21.986 -23.805
-21.971 -23.813
-21.957 -23.822
-21.943 -23.831
-21.929 -23.840
-21.915 -23.848
-21.900 -23.855
-21.887 -23.861
-21.872 -23.868
-21.858 -23.875
-21.843 -23.882
-21.830 -23.889
-21.815 -23.896
-21.801 -23.902
-21.787 -23.909
-21.773 -23.916
-21.759 -23.923
-21.744 -23.930
-21.729 -23.936
-21.714 -23.943
-21.698 -23.950
-21.682 -23.957
-21.667 -23.964
-21.652 -23.971
-21.636 -23.977
-21.620 -23.984
-21.605 -23.991
-21.590 -23.998
-21.574 -24.005
-21.558 -24.012
-21.544 -24.024
-21.529 -24.041
-21.515 -24.057
-21.500 -24.074
-21.486 -24.089
-21.471 -24.105
-21.456 -24.122
-21.442 -24.137
-21.427 -24.154
-21.413 -24.170
-21.398 -24.187
-21.384 -24.202
-21.372 -24.222
-21.365 -24.251
-21.359 -24.279
-21.353 -24.305
-21.346 -24.334
-21.340 -24.362
-21.333 -24.390
-21.327 -24.417
-21.321 -24.445
-21.314 -24.473
-21.308 -24.501
-21.301 -24.528
-21.295 -24.556
-21.298 -24.577
-21.301 -24.597
-21.304 -24.618
-21.307 -24.639
-21.310 -24.661
-21.312 -24.681
-21.315 -24.702
-21.318 -24.723
-21.321 -24.744
-21.324 -24.764
-21.327 -24.785
-21.330 -24.806
-21.331 -24.821
-21.331 -24.832
-21.331 -24.843
-21.331 -24.854
-21.330 -24.866
-21.330 -24.876
-21.330 -24.888
-21.330 -24.899
-21.330 -24.910
-21.330 -24.921
-21.330 -24.932
-21.330 -24.943
-21.329 -24.953
-21.327 -24.962
-21.325 -24.970
-21.322 -24.978
-21.320 -24.986
-21.318 -24.995
-21.316 -25.003
-21.314 -25.012
-21.312 -25.020
-21.310 -25.028
-21.307 -25.036
-21.305 -25.044
-21.303 -25.053
-21.302 -25.061
-21.302 -25.070
-21.301 -25.078
-21.301 -25.086
-21.300 -25.095
-21.300 -25.103
-21.299 -25.111
-21.298 -25.120
-21.298 -25.128
-21.297 -25.137
-21.297 -25.145
-21.296 -25.153
-21.305 -25.164
-21.319 -25.177
-21.333 -25.190
-21.347 -25.203
-21.362 -25.216
-21.375 -25.228
-21.390 -25.241
-21.404 -25.254
-21.418 -25.267
-21.432 -25.279
-21.446 -25.292
-21.461 -25.305
-21.476 -25.317
-21.492 -25.327
-21.509 -25.338
-21.525 -25.349
-21.542 -25.360
-21.558 -25.370
-21.575 -25.381
-21.592 -25.392
-21.609 -25.402
-21.625 -25.413
-21.642 -25.423
-21.658 -25.434
-21.674 -25.444
-21.680 -25.451
-21.684 -25.457
-21.688 -25.464
-21.692 -25.470
-21.696 -25.476
-21.700 -25.482
-21.704 -25.488
-21.708 -25.494
-21.712 -25.500
-21.717 -25.507
-21.721 -25.513
-21.725 -25.519
-21.729 -25.525
-21.733 -25.532
-21.737 -25.539
-21.742 -25.546
-21.746 -25.552
-21.750 -25.559
-21.754 -25.566
-21.759 -25.573
-21.763 -25.580
-21.767 -25.586
-21.771 -25.593
-21.776 -25.600
-21.780 -25.606
-21.782 -25.612
-21.784 -25.618
-21.787 -25.624
-21.789 -25.630
-21.791 -25.636
-21.794 -25.642
-21.796 -25.648
-21.798 -25.654
-21.801 -25.659
-21.803 -25.665
-21.805 -25.671
-21.808 -25.677
-21.808 -25.682
-21.809 -25.688
-21.810 -25.693
-21.810 -25.698
-21.811 -25.703
-21.811 -25.708
-21.812 -25.713
-21.812 -25.718
-21.813 -25.723
-21.814 -25.728
-21.814 -25.734
-21.815 -25.739
-21.816 -25.744
-21.818 -25.750
-21.820 -25.756
-21.821 -25.762
-21.823 -25.768
-21.825 -25.774
-21.827 -25.780
-21.828 -25.786
-21.830 -25.792
-21.832 -25.798
-21.834 -25.804
-21.836 -25.810
-21.838 -25.816
-21.842 -25.823
-21.847 -25.830
-21.851 -25.837
-21.856 -25.844
-21.861 -25.851
-21.865 -25.858
-21.870 -25.864
-21.874 -25.871
-21.879 -25.878
-21.883 -25.885
-21.888 -25.892
-21.892 -25.899
-21.906 -25.910
-21.919 -25.920
-21.934 -25.931
-21.949 -25.943
-21.963 -25.954
-21.977 -25.965
-21.992 -25.976
-22.007 -25.987
-22.021 -25.998
-22.035 -26.009
-22.050 -26.020
-22.065 -26.031
-22.079 -26.043
-22.094 -26.058
-22.109 -26.072
-22.124 -26.087
-22.138 -26.100
-22.153 -26.115
-22.168 -26.129
-22.183 -26.144
-22.198 -26.157
-22.213 -26.172
-22.228 -26.186
-22.243 -26.201
-22.257 -26.215
-22.268 -26.229
-22.280 -26.244
-22.292 -26.258
-22.303 -26.272
-22.315 -26.286
-22.327 -26.301
-22.338 -26.315
-22.350 -26.329
-22.362 -26.343
-22.374 -26.358
-22.385 -26.372
-22.397 -26.386
-22.405 -26.398
-22.413 -26.410
-22.421 -26.420
-22.429 -26.432
-22.437 -26.443
-22.445 -26.454
-22.452 -26.465
-22.460 -26.477
-22.468 -26.488
-22.476 -26.499
-22.483 -26.510
-22.491 -26.522
-22.497 -26.532
-22.501 -26.540
-22.505 -26.548
-22.508 -26.557
-22.512 -26.565
-22.516 -26.573
-22.520 -26.582
-22.523 -26.590
-22.527 -26.599
-22.531 -26.607
-22.534 -26.615
-22.538 -26.624
-22.542 -26.632
-22.543 -26.639
-22.544 -26.646
-22.545 -26.654
-22.546 -26.661
-22.547 -26.668
-22.548 -26.675
-22.549 -26.683
-22.550 -26.690
-22.551 -26.697
-22.553 -26.704
-22.554 -26.712
-22.555 -26.719
-22.555 -26.726
-22.554 -26.733
-22.553 -26.740
-22.553 -26.746
-22.552 -26.753
-22.552 -26.760
-22.551 -26.767
-22.551 -26.774
-22.550 -26.781
-22.549 -26.788
-22.549 -26.794
-22.548 -26.801
-22.548 -26.808
-22.547 -26.815
-22.547 -26.821
-22.547 -26.828
-22.546 -26.835
-22.546 -26.842
-22.546 -26.849
-22.545 -26.856
-22.545 -26.862
-22.545 -26.869
-22.544 -26.876
-22.544 -26.883
-22.544 -26.889
-22.545 -26.893
-22.546 -26.896
-22.548 -26.899
-22.549 -26.903
-22.551 -26.906
-22.552 -26.909
-22.554 -26.913
-22.555 -26.916
-22.556 -26.919
-22.558 -26.922
-22.559 -26.926
-22.561 -26.929
-22.564 -26.927
-22.569 -26.923
-22.573 -26.919
-22.577 -26.915
-22.581 -26.912
-22.586 -26.908
-22.590 -26.904
-22.595 -26.900
-22.599 -26.896
-22.603 -26.892
-22.608 -26.888
-22.612 -26.884
-22.616 -26.881
-22.619 -26.879
-22.623 -26.877
-22.626 -26.875
-22.629 -26.873
-22.633 -26.871
-22.636 -26.869
-22.640 -26.866
-22.643 -26.864
-22.646 -26.862
-22.650 -26.860
-22.653 -26.858
-22.657 -26.856
-22.657 -26.862
-22.658 -26.867
-22.659 -26.872
-22.660 -26.877
-22.661 -26.882
-22.662 -26.887
-22.663 -26.893
-22.664 -26.898
-22.665 -26.903
-22.665 -26.908
-22.666 -26.914
-22.667 -26.919
-22.667 -26.926
-22.666 -26.934
-22.665 -26.942
-22.664 -26.951
-22.663 -26.959
-22.662 -26.967
-22.662 -26.975
-22.661 -26.983
-22.660 -26.991
-22.659 -26.999
-22.658 -27.007
-22.657 -27.015
-22.656 -27.023
-22.654 -27.031
-22.651 -27.038
-22.649 -27.046
-22.647 -27.053
-22.645 -27.061
-22.643 -27.068
-22.640 -27.076
-22.638 -27.083
-22.636 -27.091
-22.634 -27.098
-22.632 -27.106
-22.629 -27.113
-22.627 -27.119
-22.624 -27.126
-22.621 -27.132
-22.618 -27.138
-22.615 -27.144
-22.613 -27.151
-22.610 -27.157
-22.607 -27.163
-22.604 -27.170
-22.601 -27.176
-22.599 -27.182
-22.596 -27.188
-22.593 -27.194
-22.590 -27.200
-22.587 -27.206
-22.584 -27.212
-22.581 -27.217
-22.578 -27.223
-22.575 -27.229
-22.571 -27.235
-22.568 -27.240
-22.565 -27.246
-22.562 -27.252
-22.559 -27.258
-22.556 -27.263
-22.553 -27.269
-22.549 -27.275
-22.546 -27.281
-22.543 -27.286
-22.540 -27.292
-22.537 -27.298
-22.533 -27.304
-22.530 -27.309
-22.527 -27.315
-22.524 -27.321
-22.520 -27.327
-22.517 -27.332
-22.514 -27.339
-22.511 -27.345
-22.508 -27.352
-22.505 -27.358
-22.502 -27.364
-22.499 -27.371
-22.495 -27.377
-22.493 -27.383
-22.489 -27.390
-22.486 -27.396
-22.483 -27.403
-22.480 -27.409
-22.477 -27.415
-22.474 -27.421
-22.470 -27.427
-22.467 -27.432
-22.464 -27.438
-22.460 -27.444
-22.457 -27.449
-22.454 -27.455
-22.451 -27.461
-22.447 -27.467
-22.444 -27.472
-22.441 -27.478
-22.438 -27.483
-22.434 -27.488
-22.431 -27.492
-22.428 -27.497
-22.424 -27.502
-22.421 -27.506
-22.418 -27.511
-22.414 -27.516
-22.411 -27.520
-22.408 -27.525
-22.404 -27.529
-22.401 -27.534
-22.398 -27.539
-22.394 -27.542
-22.391 -27.546
-22.387 -27.550
-22.383 -27.554
-22.380 -27.557
-22.376 -27.561
-22.373 -27.565
-22.369 -27.568
-22.366 -27.572
-22.362 -27.576
-22.358 -27.579
-22.355 -27.583
-22.351 -27.586
-22.348 -27.589
-22.344 -27.592
-22.340 -27.594
-22.336 -27.597
-22.332 -27.600
-22.329 -27.603
-22.325 -27.605
-22.321 -27.608
-22.317 -27.611
-22.314 -27.614
-22.310 -27.616
-22.306 -27.619
-22.302 -27.621
-22.298 -27.623
-22.295 -27.625
-22.291 -27.627
-22.287 -27.630
-22.283 -27.632
-22.280 -27.634
-22.276 -27.636
-22.272 -27.638
-22.268 -27.640
-22.265 -27.642
-22.261 -27.644
-22.257 -27.646
-22.253 -27.647
-22.249 -27.649
-22.244 -27.651
-22.240 -27.652
-22.236 -27.654
-22.232 -27.655
-22.228 -27.657
-22.224 -27.659
-22.220 -27.660
-22.215 -27.662
-22.211 -27.663
-22.207 -27.665
-22.203 -27.666
-22.199 -27.667
-22.195 -27.669
-22.191 -27.670
-22.187 -27.671
-22.182 -27.673
-22.178 -27.674
-22.174 -27.675
-22.170 -27.676
-22.166 -27.678
-22.162 -27.679
-22.158 -27.680
-22.153 -27.681
-22.149 -27.682
-22.144 -27.683
-22.140 -27.684
-22.136 -27.685
-22.132 -27.686
-22.127 -27.687
-22.123 -27.688
-22.119 -27.689
-22.114 -27.690
-22.110 -27.690
-22.106 -27.691
-22.101 -27.692
-22.096 -27.693
-22.092 -27.694
-22.087 -27.694
-22.083 -27.695
-22.078 -27.696
-22.074 -27.696
-22.069 -27.697
-22.065 -27.698
-22.060 -27.699
-22.056 -27.699
-22.051 -27.700
-22.047 -27.701
-22.042 -27.701
-22.037 -27.702
-22.033 -27.702
-22.028 -27.703
-22.024 -27.704
-22.019 -27.704
-22.014 -27.705
-22.010 -27.705
-22.005 -27.706
-22.000 -27.706
-21.996 -27.707
-21.992 -27.708
-21.992 -27.708
-21.992 -27.708
-21.992 -27.708
-21.992 -27.708
-21.992 -27.708
