-28.857 -27.226
-28.857 -27.226
-28.857 -27.226
-28.857 -27.226
-28.857 -27.226
-28.857 -27.226
-28.857 -27.226
-28.842 -27.226
-28.823 -27.226
-28.805 -27.226
-28.787 -27.226
-28.769 -27.226
-28.750 -27.226
-28.732 -27.226
-28.714 -27.226
-28.696 -27.226
-28.678 -27.226
-28.659 -27.226
-28.642 -27.226
-28.624 -27.226
-28.608 -27.226
-28.593 -27.226
-28.576 -27.226
-28.560 -27.226
-28.544 -27.226
-28.529 -27.226
-28.512 -27.226
-28.496 -27.226
-28.480 -27.226
-28.465 -27.226
-28.448 -27.226
-28.432 -27.226
-28.418 -27.226
-28.404 -27.226
-28.390 -27.226
-28.376 -27.226
-28.362 -27.226
-28.347 -27.226
-28.333 -27.226
-28.319 -27.226
-28.305 -27.226
-28.291 -27.226
-28.276 -27.226
-28.262 -27.226
-28.249 -27.226
-28.237 -27.226
-28.224 -27.226
-28.211 -27.226
-28.199 -27.226
-28.186 -27.226
-28.174 -27.226
-28.161 -27.226
-28.149 -27.226
-28.136 -27.226
-28.123 -27.226
-28.111 -27.226
-28.099 -27.227
-28.088 -27.227
-28.076 -27.227
-28.066 -27.227
-28.054 -27.227
-28.043 -27.227
-28.032 -27.227
-28.021 -27.227
-28.009 -27.227
-27.998 -27.227
-27.987 -27.227
-27.976 -27.227
-27.965 -27.227
-27.954 -27.227
-27.944 -27.227
-27.934 -27.227
-27.923 -27.227
-27.913 -27.227
-27.903 -27.227
-27.893 -27.227
-27.882 -27.227
-27.872 -27.227
-27.862 -27.227
-27.851 -27.227
-27.841 -27.227
-27.831 -27.227
-27.821 -27.227
-27.811 -27.227
-27.801 -27.227
-27.791 -27.227
-27.781 -27.227
-27.771 -27.227
-27.761 -27.227
-27.751 -27.227
-27.741 -27.227
-27.730 -27.227
-27.720 -27.227
-27.710 -27.227
-27.699 -27.227
-27.688 -27.227
-27.677 -27.227
-27.667 -27.227
-27.656 -27.227
-27.645 -27.227
-27.634 -27.227
-27.623 -27.227
-27.612 -27.227
-27.601 -27.227
-27.590 -27.227
-27.580 -27.227
-27.567 -27.227
-27.554 -27.227
-27.542 -27.227
-27.529 -27.227
-27.516 -27.227
-27.503 -27.227
-27.491 -27.227
-27.478 -27.227
-27.465 -27.227
-27.452 -27.227
-27.440 -27.227
-27.427 -27.227
-27.413 -27.227
-27.397 -27.227
-27.383 -27.227
-27.368 -27.227
-27.352 -27.227
-27.337 -27.227
-27.323 -27.227
-27.308 -27.227
-27.292 -27.227
-27.278 -27.227
-27.263 -27.227
-27.247 -27.227
-27.232 -27.227
-27.216 -27.227
-27.199 -27.227
-27.182 -27.227
-27.165 -27.227
-27.150 -27.227
-27.133 -27.227
-27.116 -27.227
-27.099 -27.227
-27.083 -27.227
-27.067 -27.227
-27.050 -27.227
-27.033 -27.227
-27.017 -27.227
-27.000 -27.227
-26.984 -27.227
-26.968 -27.227
-26.951 -27.227
-26.934 -27.227
-26.917 -27.227
-26.901 -27.227
-26.884 -27.227
-26.867 -27.227
-26.851 -27.227
-26.835 -27.227
-26.818 -27.227
-26.803 -27.227
-26.787 -27.227
-26.772 -27.227
-26.756 -27.227
-26.740 -27.227
-26.725 -27.227
-26.709 -27.227
-26.694 -27.227
-26.678 -27.227
-26.663 -27.227
-26.647 -27.227
-26.632 -27.228
-26.617 -27.228
-26.604 -27.228
-26.590 -27.228
-26.575 -27.228
-26.561 -27.228
-26.547 -27.228
-26.533 -27.228
-26.519 -27.228
-26.505 -27.228
-26.491 -27.228
-26.477 -27.228
-26.462 -27.228
-26.451 -27.228
-26.438 -27.228
-26.426 -27.228
-26.414 -27.228
-26.402 -27.228
-26.389 -27.228
-26.377 -27.228
-26.365 -27.228
-26.353 -27.228
-26.340 -27.228
-26.328 -27.228
-26.316 -27.228
-26.305 -27.228
-26.294 -27.228
-26.283 -27.228
-26.272 -27.228
-26.262 -27.228
-26.251 -27.228
-26.240 -27.228
-26.229 -27.228
-26.219 -27.228
-26.208 -27.228
-26.197 -27.228
-26.186 -27.228
-26.176 -27.228
-26.166 -27.228
-26.157 -27.228
-26.147 -27.228
-26.138 -27.228
-26.128 -27.228
-26.119 -27.228
-26.109 -27.228
-26.100 -27.228
-26.090 -27.228
-26.081 -27.228
-26.072 -27.228
-26.062 -27.228
-26.053 -27.228
-26.045 -27.228
-26.037 -27.228
-26.028 -27.228
-26.020 -27.228
-26.012 -27.228
-26.003 -27.228
-25.995 -27.228
-25.986 -27.228
-25.978 -27.228
-25.970 -27.228
-25.961 -27.228
-25.953 -27.228
-25.946 -27.228
-25.938 -27.228
-25.931 -27.228
-25.923 -27.228
-25.916 -27.228
-25.908 -27.228
-25.900 -27.228
-25.893 -27.228
-25.885 -27.228
-25.878 -27.228
-25.870 -27.228
-25.863 -27.229
-25.856 -27.229
-25.849 -27.229
-25.842 -27.229
-25.836 -27.229
-25.829 -27.229
-25.822 -27.229
-25.815 -27.229
-25.808 -27.229
-25.802 -27.229
-25.795 -27.229
-25.788 -27.229
-25.781 -27.229
-25.775 -27.229
-25.768 -27.229
-25.762 -27.229
-25.756 -27.229
-25.749 -27.229
-25.743 -27.229
-25.737 -27.229
-25.731 -27.229
-25.724 -27.229
-25.718 -27.229
-25.712 -27.229
-25.705 -27.229
-25.699 -27.228
-25.693 -27.228
-25.688 -27.228
-25.682 -27.228
-25.677 -27.228
-25.671 -27.228
-25.665 -27.228
-25.660 -27.228
-25.654 -27.228
-25.648 -27.228
-25.643 -27.228
-25.637 -27.228
-25.631 -27.228
-25.626 -27.228
-25.621 -27.228
-25.616 -27.228
-25.611 -27.228
-25.606 -27.228
-25.601 -27.228
-25.596 -27.228
-25.591 -27.228
-25.585 -27.228
-25.580 -27.228
-25.575 -27.228
-25.570 -27.228
-25.565 -27.227
-25.560 -27.227
-25.555 -27.227
-25.549 -27.227
-25.544 -27.227
-25.539 -27.227
-25.534 -27.227
-25.529 -27.227
-25.524 -27.227
-25.518 -27.227
-25.513 -27.227
-25.508 -27.227
-25.502 -27.227
-25.497 -27.227
-25.491 -27.227
-25.485 -27.227
-25.479 -27.227
-25.474 -27.227
-25.468 -27.226
-25.462 -27.226
-25.456 -27.226
-25.451 -27.226
-25.445 -27.226
-25.439 -27.226
-25.433 -27.226
-25.427 -27.226
-25.420 -27.226
-25.413 -27.226
-25.407 -27.226
-25.400 -27.226
-25.394 -27.226
-25.387 -27.225
-25.380 -27.225
-25.374 -27.225
-25.367 -27.225
-25.361 -27.225
-25.354 -27.225
-25.346 -27.225
-25.338 -27.225
-25.329 -27.225
-25.321 -27.225
-25.313 -27.225
-25.305 -27.225
-25.296 -27.224
-25.288 -27.224
-25.280 -27.224
-25.271 -27.224
-25.263 -27.224
-25.255 -27.224
-25.245 -27.224
-25.235 -27.224
-25.224 -27.224
-25.214 -27.224
-25.203 -27.223
-25.192 -27.223
-25.181 -27.223
-25.171 -27.223
-25.160 -27.223
-25.149 -27.223
-25.139 -27.223
-25.128 -27.223
-25.117 -27.222
-25.102 -27.222
-25.088 -27.222
-25.074 -27.221
-25.059 -27.221
-25.045 -27.221
-25.031 -27.221
-25.016 -27.220
-25.001 -27.220
-24.987 -27.220
-24.973 -27.219
-24.958 -27.219
-24.944 -27.219
-24.918 -27.218
-24.891 -27.217
-24.862 -27.217
-24.834 -27.216
-24.805 -27.215
-24.778 -27.215
-24.750 -27.214
-24.721 -27.213
-24.693 -27.212
-24.665 -27.212
-24.637 -27.211
-24.608 -27.210
-24.553 -27.209
-24.459 -27.206
-24.365 -27.204
-24.271 -27.202
-24.182 -27.199
-24.088 -27.197
-23.994 -27.194
-23.900 -27.192
-23.810 -27.189
-23.716 -27.187
-23.622 -27.185
-23.529 -27.182
-23.437 -27.179
-23.319 -27.168
-23.201 -27.157
-23.083 -27.146
-22.971 -27.136
-22.853 -27.125
-22.735 -27.114
-22.623 -27.104
-22.505 -27.093
-22.387 -27.082
-22.269 -27.071
-22.156 -27.061
-22.039 -27.049
-21.998 -27.113
-21.982 -27.199
-21.967 -27.281
-21.951 -27.366
-21.935 -27.453
-21.919 -27.538
-21.904 -27.620
-21.888 -27.707
-21.872 -27.792
-21.856 -27.874
-21.840 -27.960
-21.824 -28.046
-21.819 -28.103
-21.829 -28.121
-21.839 -28.139
-21.849 -28.157
-21.859 -28.175
-21.868 -28.193
-21.878 -28.211
-21.888 -28.229
-21.898 -28.248
-21.908 -28.265
-21.918 -28.283
-21.927 -28.301
-21.937 -28.316
-21.939 -28.294
-21.941 -28.272
-21.943 -28.249
-21.945 -28.228
-21.947 -28.205
-21.949 -28.183
-21.951 -28.160
-21.953 -28.139
-21.956 -28.116
-21.958 -28.094
-21.960 -28.071
-21.962 -28.050
-21.958 -28.036
-21.953 -28.026
-21.947 -28.015
-21.941 -28.005
-21.935 -27.995
-21.929 -27.985
-21.924 -27.974
-21.918 -27.964
-21.912 -27.954
-21.906 -27.944
-21.901 -27.934
-21.895 -27.923
-21.887 -27.915
-21.874 -27.910
-21.862 -27.904
-21.849 -27.899
-21.836 -27.894
-21.824 -27.888
-21.812 -27.883
-21.799 -27.878
-21.786 -27.872
-21.773 -27.867
-21.761 -27.862
-21.749 -27.857
-21.736 -27.851
-21.719 -27.838
-21.702 -27.824
-21.685 -27.811
-21.668 -27.797
-21.652 -27.784
-21.635 -27.771
-21.618 -27.757
-21.601 -27.744
-21.585 -27.731
-21.567 -27.717
-21.550 -27.704
-21.533 -27.690
-21.518 -27.673
-21.503 -27.653
-21.488 -27.632
-21.472 -27.612
-21.458 -27.593
-21.443 -27.572
-21.427 -27.552
-21.413 -27.533
-21.397 -27.512
-21.382 -27.492
-21.367 -27.472
-21.352 -27.453
-21.340 -27.422
-21.335 -27.371
-21.330 -27.320
-21.325 -27.271
-21.319 -27.221
-21.314 -27.170
-21.309 -27.119
-21.304 -27.070
-21.299 -27.019
-21.293 -26.968
-21.288 -26.917
-21.283 -26.868
-21.278 -26.818
-21.282 -26.803
-21.285 -26.789
-21.289 -26.774
-21.293 -26.759
-21.297 -26.745
-21.301 -26.731
-21.304 -26.716
-21.308 -26.701
-21.312 -26.687
-21.316 -26.673
-21.319 -26.658
-21.323 -26.643
-21.325 -26.634
-21.325 -26.627
-21.325 -26.620
-21.325 -26.613
-21.325 -26.606
-21.325 -26.599
-21.325 -26.592
-21.325 -26.585
-21.325 -26.578
-21.325 -26.571
-21.325 -26.564
-21.325 -26.557
-21.324 -26.553
-21.322 -26.555
-21.320 -26.557
-21.318 -26.560
-21.316 -26.562
-21.314 -26.564
-21.312 -26.566
-21.310 -26.568
-21.308 -26.570
-21.306 -26.572
-21.304 -26.575
-21.302 -26.577
-21.300 -26.579
-21.299 -26.580
-21.299 -26.581
-21.298 -26.582
-21.297 -26.583
-21.296 -26.583
-21.296 -26.584
-21.295 -26.585
-21.294 -26.586
-21.293 -26.587
-21.293 -26.588
-21.292 -26.589
-21.291 -26.590
-21.300 -26.588
-21.314 -26.585
-21.328 -26.582
-21.342 -26.579
-21.357 -26.576
-21.370 -26.573
-21.385 -26.570
-21.399 -26.567
-21.413 -26.564
-21.427 -26.561
-21.441 -26.558
-21.456 -26.555
-21.471 -26.554
-21.487 -26.559
-21.504 -26.565
-21.521 -26.570
-21.538 -26.575
-21.555 -26.580
-21.572 -26.585
-21.589 -26.590
-21.606 -26.596
-21.622 -26.601
-21.639 -26.606
-21.656 -26.611
-21.672 -26.616
-21.678 -26.623
-21.682 -26.631
-21.686 -26.638
-21.690 -26.645
-21.694 -26.653
-21.699 -26.660
-21.703 -26.668
-21.707 -26.675
-21.711 -26.682
-21.715 -26.690
-21.719 -26.697
-21.723 -26.704
-21.727 -26.713
-21.732 -26.723
-21.736 -26.732
-21.740 -26.741
-21.745 -26.751
-21.749 -26.761
-21.753 -26.770
-21.758 -26.780
-21.762 -26.789
-21.766 -26.799
-21.770 -26.808
-21.775 -26.818
-21.779 -26.826
-21.781 -26.833
-21.783 -26.838
-21.786 -26.844
-21.788 -26.851
-21.790 -26.857
-21.793 -26.863
-21.795 -26.869
-21.797 -26.875
-21.800 -26.881
-21.802 -26.887
-21.804 -26.893
-21.807 -26.899
-21.807 -26.904
-21.808 -26.910
-21.809 -26.916
-21.809 -26.922
-21.810 -26.928
-21.810 -26.933
-21.811 -26.939
-21.811 -26.945
-21.812 -26.951
-21.813 -26.956
-21.813 -26.962
-21.814 -26.968
-21.815 -26.973
-21.817 -26.978
-21.819 -26.983
-21.821 -26.988
-21.822 -26.993
-21.824 -26.999
-21.826 -27.004
-21.828 -27.009
-21.830 -27.014
-21.832 -27.019
-21.834 -27.024
-21.835 -27.029
-21.838 -27.034
-21.842 -27.042
-21.847 -27.049
-21.851 -27.056
-21.856 -27.064
-21.860 -27.071
-21.865 -27.079
-21.869 -27.086
-21.874 -27.093
-21.878 -27.101
-21.882 -27.108
-21.887 -27.115
-21.891 -27.122
-21.905 -27.128
-21.918 -27.133
-21.933 -27.138
-21.948 -27.143
-21.962 -27.149
-21.976 -27.154
-21.991 -27.159
-22.005 -27.164
-22.020 -27.169
-22.034 -27.174
-22.048 -27.179
-22.063 -27.185
-22.077 -27.189
-22.092 -27.194
-22.107 -27.199
-22.122 -27.204
-22.136 -27.209
-22.151 -27.214
-22.165 -27.219
-22.180 -27.224
-22.194 -27.228
-22.209 -27.233
-22.224 -27.238
-22.239 -27.243
-22.253 -27.248
-22.264 -27.257
-22.275 -27.266
-22.286 -27.275
-22.297 -27.284
-22.308 -27.293
-22.319 -27.302
-22.330 -27.310
-22.341 -27.319
-22.352 -27.328
-22.363 -27.337
-22.374 -27.345
-22.385 -27.354
-22.392 -27.361
-22.399 -27.366
-22.405 -27.372
-22.412 -27.377
-22.418 -27.383
-22.425 -27.389
-22.431 -27.394
-22.438 -27.400
-22.444 -27.405
-22.451 -27.411
-22.457 -27.416
-22.464 -27.422
-22.468 -27.426
-22.471 -27.429
-22.473 -27.432
-22.475 -27.435
-22.478 -27.438
-22.480 -27.441
-22.483 -27.444
-22.485 -27.447
-22.488 -27.450
-22.490 -27.453
-22.492 -27.456
-22.495 -27.458
-22.497 -27.461
-22.498 -27.465
-22.498 -27.468
-22.499 -27.472
-22.499 -27.475
-22.499 -27.478
-22.500 -27.482
-22.500 -27.485
-22.501 -27.489
-22.501 -27.492
-22.502 -27.495
-22.502 -27.499
-22.503 -27.502
-22.502 -27.506
-22.502 -27.509
-22.501 -27.513
-22.500 -27.516
-22.499 -27.520
-22.498 -27.523
-22.497 -27.527
-22.497 -27.530
-22.496 -27.534
-22.495 -27.537
-22.494 -27.540
-22.493 -27.544
-22.493 -27.546
-22.493 -27.547
-22.493 -27.547
-22.492 -27.548
-22.492 -27.549
-22.492 -27.549
-22.492 -27.550
-22.492 -27.550
-22.492 -27.551
-22.491 -27.551
-22.491 -27.552
-22.491 -27.552
-22.491 -27.553
-22.495 -27.558
-22.498 -27.562
-22.502 -27.566
-22.506 -27.570
-22.509 -27.574
-22.513 -27.578
-22.516 -27.582
-22.520 -27.586
-22.523 -27.590
-22.527 -27.595
-22.531 -27.599
-22.534 -27.603
-22.539 -27.609
-22.546 -27.616
-22.552 -27.624
-22.558 -27.631
-22.564 -27.638
-22.570 -27.645
-22.576 -27.652
-22.582 -27.659
-22.588 -27.666
-22.594 -27.673
-22.600 -27.681
-22.606 -27.688
-22.611 -27.693
-22.615 -27.694
-22.619 -27.695
-22.623 -27.697
-22.627 -27.698
-22.631 -27.699
-22.635 -27.701
-22.639 -27.702
-22.643 -27.704
-22.647 -27.705
-22.651 -27.706
-22.654 -27.708
-22.658 -27.709
-22.659 -27.714
-22.660 -27.718
-22.661 -27.722
-22.662 -27.726
-22.663 -27.731
-22.664 -27.735
-22.665 -27.739
-22.666 -27.744
-22.667 -27.748
-22.668 -27.752
-22.669 -27.756
-22.670 -27.761
-22.669 -27.766
-22.669 -27.771
-22.668 -27.777
-22.667 -27.783
-22.666 -27.788
-22.665 -27.794
-22.665 -27.799
-22.664 -27.805
-22.663 -27.811
-22.662 -27.816
-22.661 -27.822
-22.661 -27.827
-22.659 -27.833
-22.657 -27.838
-22.655 -27.844
-22.653 -27.849
-22.651 -27.855
-22.649 -27.860
-22.647 -27.866
-22.644 -27.871
-22.642 -27.876
-22.640 -27.882
-22.638 -27.887
-22.636 -27.893
-22.634 -27.898
-22.631 -27.901
-22.629 -27.905
-22.626 -27.908
-22.623 -27.911
-22.621 -27.915
-22.618 -27.918
-22.615 -27.921
-22.613 -27.925
-22.610 -27.928
-22.607 -27.931
-22.605 -27.935
-22.602 -27.938
-22.599 -27.940
-22.596 -27.942
-22.593 -27.944
-22.590 -27.946
-22.587 -27.948
-22.584 -27.950
-22.581 -27.951
-22.578 -27.953
-22.575 -27.955
-22.572 -27.957
-22.569 -27.959
-22.566 -27.961
-22.563 -27.963
-22.560 -27.965
-22.557 -27.967
-22.554 -27.969
-22.551 -27.971
-22.548 -27.973
-22.545 -27.975
-22.541 -27.977
-22.538 -27.979
-22.535 -27.981
-22.532 -27.983
-22.529 -27.985
-22.526 -27.987
-22.523 -27.996
-22.520 -28.005
-22.517 -28.014
-22.514 -28.023
-22.511 -28.032
-22.508 -28.042
-22.505 -28.051
-22.502 -28.060
-22.499 -28.069
-22.496 -28.078
-22.493 -28.088
-22.490 -28.096
-22.487 -28.107
-22.484 -28.117
-22.481 -28.128
-22.478 -28.138
-22.474 -28.148
-22.471 -28.159
-22.468 -28.169
-22.465 -28.180
-22.462 -28.190
-22.459 -28.201
-22.455 -28.211
-22.452 -28.221
-22.449 -28.232
-22.446 -28.243
-22.443 -28.253
-22.439 -28.264
-22.436 -28.275
-22.433 -28.285
-22.430 -28.296
-22.426 -28.306
-22.423 -28.317
-22.420 -28.328
-22.417 -28.338
-22.413 -28.349
-22.410 -28.359
-22.407 -28.370
-22.404 -28.381
-22.400 -28.393
-22.397 -28.404
-22.394 -28.415
-22.390 -28.426
-22.387 -28.437
-22.384 -28.448
-22.380 -28.459
-22.377 -28.470
-22.374 -28.481
-22.370 -28.493
-22.367 -28.503
-22.363 -28.513
-22.360 -28.524
-22.356 -28.534
-22.352 -28.544
-22.349 -28.555
-22.345 -28.565
-22.341 -28.575
-22.338 -28.585
-22.334 -28.596
-22.330 -28.606
-22.327 -28.616
-22.323 -28.626
-22.320 -28.637
-22.316 -28.647
-22.312 -28.656
-22.309 -28.667
-22.305 -28.677
-22.302 -28.687
-22.298 -28.697
-22.295 -28.707
-22.291 -28.717
-22.288 -28.727
-22.284 -28.737
-22.280 -28.747
-22.276 -28.757
-22.273 -28.767
-22.269 -28.777
-22.264 -28.787
-22.260 -28.797
-22.257 -28.807
-22.253 -28.817
-22.249 -28.827
-22.245 -28.838
-22.241 -28.847
-22.237 -28.857
-22.233 -28.868
-22.229 -28.878
-22.225 -28.888
-22.221 -28.898
-22.217 -28.909
-22.213 -28.919
-22.209 -28.929
-22.206 -28.939
-22.202 -28.950
-22.198 -28.960
-22.194 -28.970
-22.190 -28.981
-22.186 -28.991
-22.182 -29.001
-22.178 -29.012
-22.174 -29.023
-22.170 -29.034
-22.166 -29.044
-22.161 -29.055
-22.157 -29.066
-22.153 -29.076
-22.149 -29.087
-22.145 -29.097
-22.141 -29.108
-22.137 -29.119
-22.133 -29.129
-22.128 -29.141
-22.124 -29.152
-22.120 -29.162
-22.115 -29.174
-22.111 -29.185
-22.107 -29.196
-22.103 -29.206
-22.098 -29.218
-22.094 -29.229
-22.090 -29.240
-22.085 -29.251
-22.081 -29.262
-22.077 -29.273
-22.073 -29.284
-22.068 -29.295
-22.064 -29.307
-22.060 -29.318
-22.055 -29.329
-22.051 -29.340
-22.047 -29.352
-22.042 -29.363
-22.038 -29.374
-22.034 -29.385
-22.030 -29.397
-22.026 -29.406
-22.026 -29.406
-22.026 -29.406
-22.026 -29.406
-22.026 -29.406
-22.026 -29.406
