-27.856 -24.250
-27.856 -24.250
-27.793 -24.250
-27.711 -24.251
-27.621 -24.252
-27.512 -24.253
-27.403 -24.253
-27.278 -24.254
-27.149 -24.255
-27.018 -24.256
-26.887 -24.257
-26.755 -24.257
-26.635 -24.258
-26.516 -24.259
-26.404 -24.260
-26.300 -24.261
-26.196 -24.262
-26.107 -24.263
-26.018 -24.264
-25.934 -24.265
-25.855 -24.266
-25.776 -24.268
-25.702 -24.269
-25.628 -24.270
-25.555 -24.271
-25.483 -24.272
-25.411 -24.274
-25.340 -24.275
-25.269 -24.277
-25.201 -24.278
-25.134 -24.280
-25.068 -24.281
-25.008 -24.283
-24.947 -24.284
-24.892 -24.286
-24.839 -24.288
-24.789 -24.290
-24.744 -24.292
-24.699 -24.294
-24.660 -24.296
-24.622 -24.298
-24.587 -24.300
-24.555 -24.302
-24.524 -24.304
-24.497 -24.307
-24.471 -24.309
-24.446 -24.312
-24.424 -24.314
-24.401 -24.317
-24.381 -24.320
-24.361 -24.322
-24.342 -24.325
-24.324 -24.328
-24.306 -24.331
-24.289 -24.335
-24.272 -24.338
-24.255 -24.341
-24.237 -24.345
-24.219 -24.348
-24.199 -24.352
-24.179 -24.356
-24.155 -24.360
-24.129 -24.365
-24.103 -24.369
-24.070 -24.374
-24.038 -24.378
-24.000 -24.383
-23.960 -24.388
-23.918 -24.393
-23.867 -24.398
-23.816 -24.404
-23.748 -24.409
-23.676 -24.415
-23.586 -24.421
-23.458 -24.428
-23.330 -24.434
-23.102 -24.444
-22.859 -24.454
-22.598 -24.485
-22.312 -24.548
-22.026 -24.610
-21.938 -24.824
-21.861 -25.047
-21.843 -25.243
-21.890 -25.413
-21.936 -25.583
-21.945 -25.767
-21.953 -25.951
-21.941 -26.142
-21.911 -26.341
-21.879 -26.529
-21.818 -26.613
-21.756 -26.697
-21.681 -26.750
-21.597 -26.783
-21.515 -26.820
-21.440 -26.877
-21.364 -26.935
-21.323 -26.895
-21.296 -26.812
-21.276 -26.748
